t r0x r0y r0z v0x v0y v0z r1x r1y r1z v1x v1y v1z r2x r2y r2z v2x v2y v2z
0.0 0.786726148263883 0.8198200545327138 -0.0 -0.3868404477567088 -0.1649220086068634 -0.0 -26.3908716087961 -27.32733515109046 0.0 12.894681591890294 -0.01650943199784738 -3.012262608205282 -25.8908716087961 -27.32733515109046 0.0 12.894681591890294 16.52521972468204 6.024525216410564
0.001 0.786339280871129 0.8196551044398472 1.81707939189198e-14 -0.3868943425575987 -0.16497818485895813 5.482792775077133e-11 -26.37789709326997 -27.327349862295822 -0.0030117870395272657 13.05431837811465 -0.012042747785487485 -3.01083614987268 -25.87813390057297 -27.310810719393082 0.006023574077237452 12.580797499530572 16.521903981466792 6.021672294262567
0.005 0.7847912719189326 0.8189947416091427 2.422399972657698e-12 -0.3871102106784043 -0.1652033545209685 1.489449778719304e-09 -26.324411622727688 -27.32728634816365 -0.015002235475860395 13.685477191903288 0.057384307056217124 -2.976968362257366 -25.830303946437887 -27.244901464586956 0.030004470709480792 11.340066684033856 16.40556683798442 5.953936575569754
0.009030192689947487 0.7832307041123094 0.8183284818291776 1.5080092628069298e-11 -0.38732817734698194 -0.16543097781535257 5.199414144387278e-09 -26.268019944149902 -27.326780537161536 -0.026858269373541577 14.29255878740264 0.20604204002643822 -2.8998572475927786 -25.787030522931143 -27.179287108594686 0.053716537239073894 10.147700159892915 16.131013701482384 5.799713975244143
0.013117842199049531 0.7816469896203682 0.8176517848001773 4.8450391252856315e-11 -0.3875497344761143 -0.16566262212194113 1.1586499759698246e-08 -26.208419350994664 -27.32550939641243 -0.03848607356813116 14.859156583780685 0.42641032671263995 -2.7836403974432864 -25.747860260047496 -27.114159687192874 0.0769721422912232 9.03666028005006 15.713441558768839 5.567279636236597
0.017295406977354995 0.7800275016596656 0.8169592225604885 1.1551514154266954e-10 -0.38777666949689754 -0.1659001720116719 2.1016196289195836e-08 -26.14524645322493 -27.323156022442106 -0.04981134358763923 15.372908531867362 0.7083976946890551 -2.6338657850663085 -25.712257259516708 -27.049610211164634 0.0996226756237643 8.031849885955033 15.173221811789084 5.267729468512988
0.021594207065568922 0.7783600243958639 0.8162455239472571 2.3224841385530525e-10 -0.3880107240991025 -0.16614547369951538 3.381063020342664e-08 -26.078161251767977 -27.3194092888217 -0.06076007304340103 15.825015917381975 1.0402916742736972 -2.456966172358398 -25.67967993605044 -26.985733817082316 0.12152012286196068 7.151040575146303 14.533964021404147 4.913928963653777
0.026045316659619865 0.7766324057251466 0.815505425259681 4.1814445067587417e-10 -0.3882536433803325 -0.16640038704306154 5.02387104282155e-08 -26.006833993457903 -27.31396290951877 -0.07126076087639702 16.210413987348574 1.4098512154396778 -2.259663268560473 -25.649572585598857 -26.92261670693055 0.14252147993834896 6.404536363336107 13.820336273426802 4.519321513249904
0.030680912322118004 0.7748320312535468 0.8147334430991805 6.968319323887831e-10 -0.3885072509060109 -0.16666686536930903 7.05058454257443e-08 -25.93092247767871 -27.30651201718058 -0.08124667796148487 16.527506869895852 1.805326285741093 -2.048412184889465 -25.621358169997258 -26.860320275556887 0.1624932862397765 5.795711350809387 13.056033965448721 4.096817319194387
0.03553575108438175 0.7729452450971785 0.8139236226825088 1.0968193417658481e-09 -0.3887735323453688 -0.16694704520881537 9.474343765731431e-08 -25.85004562468621 -27.296746196120868 -0.09065664331826583 16.777540004088376 2.2162312780628914 -1.8289805773709935 -25.59443326034544 -26.798869876009146 0.18131317695459748 5.32227322636013 12.26224196475576 3.6579516803982215
0.04064850332462661 0.7709568238748892 0.813069306921381 1.6523917928571189e-09 -0.3890547128931461 -0.16724333057901433 1.229952285375344e-07 -25.763759501562294 -27.28433925217786 -0.09943363941625942 16.963783360919926 2.633776385994228 -1.6062145601224147 -25.568163384364333 -26.738252187782383 0.19886711359333956 4.977904567474753 11.45678028591298 3.212416820721976
0.046062861126023535 0.7688495344525578 0.8121629391970322 2.4046302323171085e-09 -0.38935332427146224 -0.16755846752551765 1.5519618887994441e-07 -25.671538789485414 -27.268936820451948 -0.10752163284937286 17.09071858978653 3.050974303222892 -1.3839818287928785 -25.54187586628495 -26.678420278799315 0.21504302523572247 4.7538952475731655 10.653898146105984 2.767948137966869
0.05182852656002836 0.7666037344644414 0.8111958819692532 3.4024707129111098e-09 -0.3896722672555717 -0.16789561536820674 1.9114012589010723e-07 -25.572762862472718 -27.250142776888325 -0.11486145355958269 17.163363219767515 3.462517690841131 -1.1652399687290074 -25.514847721498708 -26.61930264314866 0.22972256687209408 4.640500286022137 9.864526155138417 2.330460823445426
0.058002265488642395 0.764196942600887 0.8101582192847527 4.7036662899161015e-09 -0.39001488039435467 -0.16825842625455428 2.3043326438470287e-07 -25.466703546448052 -27.227504712175385 -0.12138645560673297 17.18678019890808 3.864538699378834 -0.9521693629104051 -25.486287167192593 -26.560812504124502 0.24277244084683697 4.6279276416193 9.096765226697766 1.9043156824943717
0.06464921250344786 0.7616033049184575 0.8090385104601678 6.375439598879308e-09 -0.3903850259994871 -0.16865114531483805 2.7243176938355226e-07 -25.35251132878805 -27.200497973175214 -0.1270182854556563 17.16575880897394 4.254335946269764 -0.7463242723384347 -25.455307834269654 -26.502855099666355 0.2540359333673527 4.706984982000829 8.35644263894428 1.492621301499931
0.07184459306853971 0.7587928901098517 0.8078234644721446 8.494495432912397e-09 -0.3907872039173599 -0.16907874348111657 3.1616138754423613e-07 -25.229197253876613 -27.168507193992735 -0.1316627243223815 17.104625455751485 4.630118085117927 -0.5487754726427404 -25.420894503231956 -26.445332059228992 0.2633245991952197 4.869469480233019 7.647638177875805 1.0975193291467265
0.07967603251957792 0.7557307440306549 0.8064975026125312 1.1145871440811928e-08 -0.39122670449671865 -0.16954709648201696 3.6021752962469677e-07 -25.09560808677527 -27.130803757530582 -0.13520534456375374 17.007139601928465 4.99078446277807 -0.3602335078837582 -25.381858229514947 -26.388142746191946 0.2704095745403634 5.108391245814936 6.97314072264556 0.7204309940145539
0.08824666622620025 0.7523756145580339 0.8050421674472242 1.441980518209554e-08 -0.39170981567191226 -0.1700632279876334 4.0264486423920377e-07 -24.95039215645911 -27.086517070533368 -0.13750658937092292 16.876437345145305 5.335746194111757 -0.1811510874368817 -25.336777142885175 -26.331182603655687 0.2750117367613277 5.418106876900616 6.334830410539832 0.3622619103873395
0.09767936198459574 0.7486782172796862 0.8034353166704723 1.8405335611750884e-08 -0.39224410607992855 -0.17063564348781524 4.4079781564598893e-07 -24.791952451458823 -27.034596692260774 -0.13839577984206403 16.71499384522856 5.66478256320392 -0.011807917409184548 -25.283916825050973 -26.27433828252568 0.2767897191505669 5.794422917535738 5.733999222373689 0.023571755036804476
0.10812253505573344 0.7445788417784966 0.8016500067122584 2.3178663610347034e-08 -0.39283881822719036 -0.1712747962988081 4.7118898368228196e-07 -24.61838186208921 -26.97376096604526 -0.13766340996220452 16.52458181979899 5.977924098067119 0.14761651336964263 -25.221120453671247 -26.21747873913532 0.27532450205804804 6.234718183121057 5.171631433746577 -0.2952801456376535
0.1197583245273192 0.7400039778244781 0.7996529134483545 2.878327677970755e-08 -0.3935054263643388 -0.17199375241834608 4.893449185732034e-07 -24.427372520683054 -26.90242543675205 -0.13505084813095325 16.306204953170937 6.2753518760265985 0.29697521247976305 -25.145652741081708 -26.160440471331356 0.2700988179342285 6.738132730092002 4.648671489781414 -0.5939993594513835
0.13281440308154405 0.734861430140031 0.7974020365580461 3.51974146966099e-08 -0.3942584499767265 -0.17280916558354145 4.897152709607287e-07 -24.21608606209071 -26.818600197578625 -0.1302361446810347 16.059980845440467 6.557300178068224 0.4360818669939085 -25.053970889821684 -26.103003260647363 0.2604687696205997 7.305883306791714 4.1663162022177005 -0.8722127055149131
0.14758161291813138 0.7290330046127902 0.7948432490080212 4.2282660975618014e-08 -0.3951166804699692 -0.1737427562868644 4.6573835037945333e-07 -23.980962352020487 -26.719737779460903 -0.12281391386964347 15.784934862767573 6.823943779822998 0.5646210220160062 -24.941375757238045 -26.044849341880305 0.24562359947318937 7.941798321461772 3.7263880690404476 -1.1292886178670503
0.16431471741376075 0.7224132812706339 0.791927040652996 4.965391250319218e-08 -0.39609764680352455 -0.1748154669782882 4.108056286533423e-07 -23.71938760062534 -26.603395007881165 -0.11235231224438336 15.480902870358745 7.073527773744179 0.6812325812707999 -24.80255292581272 -25.98591404953727 0.2246996590975164 8.647958939634963 3.3344911503404657 -1.3625062431044652
0.18340058146568217 0.7148426502104331 0.7885787058557465 5.6666115390397465e-08 -0.39722773650117854 -0.17605873673387362 3.197860334065619e-07 -23.4271424464299 -26.4661012448486 -0.09831792853743629 15.14534317911354 7.305100035409858 0.784796435058631 -24.62998012818351 -25.925668095877455 0.19663019046333352 9.43208729189078 2.9956736025676505 -1.5696248487206026
0.205387961341863 0.706094204517605 0.784691648079188 6.232100641969875e-08 -0.3985447162162397 -0.1775178320097191 1.9197721160452678e-07 -23.09825696515544 -26.303053972091227 -0.08003213468562588 14.77285137888107 7.517256374444854 0.8736828512206584 -24.412906521449617 -25.863056863736347 0.1600580372706098 10.308768863861832 2.717270452082205 -1.7473849001624773
0.23104924675310573 0.6958470940579304 0.7801140695826151 6.524749877028477e-08 -0.4001026676260807 -0.17925824571528912 3.777153633604673e-08 -22.72457286012672 -26.107600267590136 -0.056631534169139255 14.35398774191186 7.706774132391605 0.9448849375498984 -24.13556368553961 -25.796206423081237 0.11325654358840147 11.302291278784349 2.5122763067457057 -1.8897736522534305
0.26149453880656626 0.6836373406195589 0.7746243912338144 6.402450482608854e-08 -0.401981104357345 -0.18137755984324844 -1.0684995193877984e-07 -22.294921332581264 -25.870374201136602 -0.02704685368769525 13.872701416277446 7.866158258374676 0.9924571756081131 -23.77389139679337 -25.721690721108235 0.05408730492490788 12.452707603179611 2.405439467575497 -1.9849036662210324
0.29788088156128356 0.6689692194841879 0.7679774437907717 5.879888364391318e-08 -0.40427027286133044 -0.1839914636648295 -1.5010863241049999e-07 -21.80042764902716 -25.581890758342322 0.009417871082426324 13.308361585719235 7.976607745455092 1.0039469087220307 -23.296066650364466 -25.63396286239252 -0.01884162205321705 13.810304114694578 2.4459308755727696 -2.0078788065808206
0.33622189957768883 0.6534219892546724 0.7608686352211357 5.584655411519503e-08 -0.40673639068928286 -0.1868461876764889 4.340866690843877e-08 -21.301583680947346 -25.27527259888707 0.04732263375529202 12.71128172711199 8.001423416835792 0.9641024842665658 -22.739031563572556 -25.536318324339426 -0.09465085216599559 15.251075614704309 2.6817719339773105 -1.9282093093998225
0.36717327926387244 0.6408015779778209 0.755048787570662 6.251123989698223e-08 -0.4087690603276883 -0.1892297432030983 4.2214175701595764e-07 -20.915771328347017 -25.028308228102603 0.07609992989803815 12.216135534941625 7.943921199425017 0.888181328867806 -22.248615141088056 -25.44826230086099 -0.15220611092006606 16.44463496288558 3.035131921459799 -1.7764048719113135
0.3919308612448743 0.6306610258734916 0.7503397571533652 7.82975422927551e-08 -0.4104227063051334 -0.19118946865086114 8.746994483819974e-07 -20.618381682861603 -24.83285037556929 0.09697611905310606 11.80544428663289 7.8351916363919045 0.7923461611120518 -21.829339221625958 -25.36827496419793 -0.19396006786044143 17.431382057247564 3.4485635923023077 -1.5847797921689417
0.4125252909656462 0.6221942719970971 0.7463852074864372 1.0100840853045758e-07 -0.4118175080192119 -0.19285698374244156 1.3435904347039201e-06 -20.3788818569467 -24.672891068201857 0.11221161494602372 11.451236514530063 7.689442474867867 0.681917541828287 -21.461663485816317 -25.292738612240004 -0.2244333307329005 18.279277772861068 3.9068134245084254 -1.3639694427000444
0.4301286419457215 0.6149343054448112 0.7429775271891064 1.285974024929479e-07 -0.4130238273327293 -0.19431001560384553 1.7978151041735864e-06 -20.180037773822175 -24.539004841720395 0.12317658294907559 11.138988505699091 7.512878400676081 0.5588408486990235 -21.133354996836772 -25.21974303546984 -0.2463660256384005 19.02440572187475 4.405244759032394 -1.1178614789084644
0.44545540557415586 0.6085958685334684 0.7399895505822409 1.5936532374892025e-07 -0.4140848709963367 -0.1955964734178078 2.220045638579461e-06 -20.011435956055205 -24.425354366510817 0.1307450314241498 10.861287460402123 7.308517030156224 0.4238746335523117 -20.836714941236426 -25.148246325202454 -0.26150599938067454 19.685912178829422 4.942613281468336 -0.8479712716684813
0.45897687177200086 0.6029904576153308 0.7373370304455219 1.9195753083228117e-07 -0.41502933169788375 -0.1967482800528981 2.601035440464429e-06 -19.86624379029327 -24.328031301564913 0.13551824014452807 10.614601829433258 7.077942328290636 0.27729205125760426 -20.56655818094653 -25.077640441422368 -0.2710556760421394 20.27372951092186 5.518943348708541 -0.5548442060592549
0.4710244090449937 0.5979852732573032 0.7349604473493095 2.2532434699376732e-07 -0.4158775344575444 -0.19778813724441677 2.9366746102420907e-06 -19.739675823872922 -24.244247246735853 0.13793566092651136 10.397781200069955 6.822071241991671 0.11917385680434411 -20.319175677984482 -25.00755024145925 -0.2758938542877221 20.792191045614526 6.134671240458336 -0.23864138106971233
0.48184321608320757 0.5934818294670393 0.7328155137106915 2.5867596692514036e-07 -0.41664464967172476 -0.19873307164740553 3.2262272036080924e-06 -19.628203395456907 -24.171909740236348 0.13833372227532623 10.211306724302501 6.5415550677530705 -0.05043848935204451 -20.09177615579011 -24.937731890596446 -0.276693312147345 21.241851518567476 6.790197029234413 0.10055435598372828
0.4916224290185996 0.5894039639726608 0.7308678464096829 2.914393978779637e-07 -0.4173424968089623 -0.1995964279199523 3.4711762463048467e-06 -19.529114637668943 -24.109383890762146 0.13697910021233156 10.056891006112187 6.237032422520308 -0.23144201467012668 -19.882167121928198 -24.868016859444005 -0.27398734436445094 21.620467668671857 7.485577946954619 0.46253691171562294
0.5005130004339202 0.5856907166871836 0.7290898021624598 3.232192790733436e-07 -0.41798061578863466 -0.20038905239512989 3.6744204914305234e-06 -19.440253732300164 -24.055350605920644 0.13408858751061403 9.9372518111065 5.909323891535323 -0.4235883542853522 -19.688564204118048 -24.79827900440468 -0.26820949694913543 21.92355795665047 8.220257456442345 0.8468092665215614
0.5086388209483311 0.5822919010757919 0.7274585110610334 3.537630253853432e-07 -0.4185669322064129 -0.20112002673290413 3.839697976881857e-06 -19.359858180175927 -24.008718275685645 0.12984157025899953 9.855972346922446 5.559612402234865 -0.6263994611866835 -19.509473747227343 -24.728414554732048 -0.2597185168205376 22.144748526796402 8.992777868820685 1.252414952575679
0.5161039021261039 0.5791652462596841 0.7259546097339085 3.8293037776795405e-07 -0.41910818524781424 -0.20179713815209643 3.971169665338442e-06 -19.286452602021278 -23.9685654204878 0.12438832162610494 9.817396239904603 5.1896344774321905 -0.8390726983438654 -19.343619421925855 -24.658330132415244 -0.2488149362899867 22.276026044972216 9.800444860345264 1.6777482797211971
0.5229971584212522 0.5762744970625963 0.7245614014597005 4.1066728071561085e-07 -0.41961021074712923 -0.2024271886784201 4.073123434529085e-06 -19.218776664496588 -23.934101844418784 0.1178559541894165 9.82651753625375 4.8018981545607184 -1.0603686667693608 -19.18989637726645 -24.587936457132482 -0.23575297510690457 22.307986002205425 10.638922558720576 2.1203300211952687
0.5293956643295648 0.5735881226431864 0.7232642876559588 4.3698386825926174e-07 -0.42007813217448825 -0.20301620196231027 4.149771697608753e-06 -19.15573455058052 -23.90464102157727 0.11035316943963565 9.888826353983754 4.39993595624213 -1.2884783518221434 -19.0473431631576 -24.517146722441336 -0.22075003726609724 22.230160509481316 11.501748283746767 2.576541726474526
0.53536690481167 0.571078427133184 0.7220503787469031 4.6193622473384275e-07 -0.42051649075535913 -0.20356956227700146 4.205122605805375e-06 -19.096358766692923 -23.879579258982144 0.10197456215809687 10.010064554698685 3.988590776840968 -1.5208714495620772 -18.915125179932552 -24.445879356726017 -0.20399531793866715 22.031519966138546 12.379774674018215 3.041322386863574
0.5409703427295889 0.5687209330860367 0.7209082268050605 4.85611537672963e-07 -0.42092933427359674 -0.20409210742876957 4.242908479755458e-06 -19.039784135602233 -23.858378776425784 0.09280499085696514 10.195838235985274 3.5743138833827603 -1.754137619260821 -18.79252503739921 -24.374065127654482 -0.18565854286769762 21.701256955389127 13.26058297611144 3.5078509476736666
0.5462585345913381 0.5664939448810059 0.7198276381531136 5.081163258619656e-07 -0.4213202788554985 -0.20458819176210621 4.266557178343009e-06 -18.985229499988975 -23.840552831042483 0.08292427406147139 10.451034455338295 3.1654228345997604 -1.983849291653374 -18.678935488122644 -24.301658153226384 -0.165899359755529 21.229958974873263 14.127973507011104 3.967271927588914
0.5512780056371374 0.5643782061097959 0.7187995262715281 5.295676307563996e-07 -0.4216925575426022 -0.2050617355508503 4.279193036189384e-06 -18.931985297308753 -23.825651781367856 0.07241209474120594 10.779015152137408 2.772223250881745 -2.204498345256268 -18.573850016362083 -24.228649064417095 -0.14487714624548756 20.611225449985405 14.961727053321544 4.408568771208917
0.5560701163181997 0.5623565549028233 0.7178157595843371 5.500873417982908e-07 -0.4220490717639667 -0.20551628056390325 4.283654307116781e-06 -18.879404894143644 -23.813249808579602 0.061352445378409864 11.180632082446651 2.406856766291326 -2.40958138607122 -18.476845701995043 -24.155076341274494 -0.12275989949099957 19.843643011503374 15.737914523807676 4.818734406711728
0.5606721516108819 0.5604134804151552 0.71686895759883 5.697999500469875e-07 -0.4223924623917387 -0.20595507282711378 4.282515082171396e-06 -18.826896782417837 -23.802932977208275 0.04983640586083847 11.65322635378629 2.0827363884689802 -2.591908741173316 -18.387554476679842 -24.081029805466443 -0.09972979171668164 18.93279353160129 16.43003450577342 5.183389230838415
0.5651062081060276 0.5585398330948463 0.7159547999178636 5.88779971023487e-07 -0.42272426913461064 -0.20637997884235354 4.278118777438018e-06 -18.774067396811645 -23.794312864341556 0.03799644131375991 12.188278549809421 1.8141983172611724 -2.743777993793767 -18.305848515861342 -24.006854263103243 -0.0760517606246222 17.895869813842225 17.00960124971301 5.48712817570979
0.5694029336624233 0.5567228105516298 0.7150671535979032 6.071500712857605e-07 -0.4230466961105775 -0.20679373708570245 4.2725682770246e-06 -18.720461638792774 -23.78697338622636 0.025947160494112918 12.773540150392584 1.61330270528739 -2.8587411037530854 -18.23135777757743 -23.932768587337584 -0.05195503599535442 16.757589310272582 17.45276829799547 5.7170549506784685
0.5735984580220547 0.5549472458847514 0.7141986945390558 6.250650383273453e-07 -0.4233623877483091 -0.20719967723389682 4.26770974224942e-06 -18.665582173930122 -23.780492521252548 0.01378482124247315 13.393920654106196 1.4890507965045796 -2.9320208967335213 -18.1635602406149 -23.85888441140048 -0.027632148988779043 15.548397466618518 17.741866130380526 5.863615022492818
0.577728883057824 0.553197935985928 0.7133420432317884 6.426862036031523e-07 -0.4236740165652823 -0.20760119303204827 4.265171982308122e-06 -18.608947208704027 -23.774457740149856 0.001599507059991366 14.032039583664146 1.4469113312746567 -2.960756579161724 -18.10189918118475 -23.785288842879122 -0.003263282740343057 14.303322489199944 17.866296640655516 5.921086641125217
0.5818304118430622 0.5514595887924836 0.7124897401418643 6.601809487278137e-07 -0.4239842918504961 -0.20800175300144008 4.266413902306903e-06 -18.550084151487628 -23.768466615942195 -0.01052563361131984 14.669617209311593 1.488353223285274 -2.944253933134506 -18.045790576273106 -23.712040782302033 0.020985249127766892 13.059194766426424 17.823468853573463 5.888081224878781
0.5859389093758463 0.5497170104874373 0.7116343380176662 6.777206027482103e-07 -0.42429592594297777 -0.20840485687524457 4.272771175866831e-06 -18.48853156195622 -23.762126733652902 -0.02251266218035563 15.288845767033088 1.6108512083246573 -2.8839787376779014 -17.994637924831295 -23.63918033446081 0.044957552300436424 11.8519010602316 17.618783270875145 5.767530198238216
0.590089268988024 0.5479553750583647 0.7107685345913665 6.954781904196978e-07 -0.42461158578009894 -0.20881397296238172 4.285491245281787e-06 -18.423846576217638 -23.75505496825062 -0.03428606070022521 15.87359468479518 1.8082741189767833 -2.7833432218001195 -17.947844353401198 -23.566743522635395 0.06850257358140845 10.713969208419536 17.264849058284607 5.566257894475711
0.5943149605122943 0.5461604168820297 0.7098852675920171 7.136274573794324e-07 -0.4249338581130765 -0.209232493114937 4.305748746991205e-06 -18.355612506274245 -23.746876789597682 -0.04577064295064921 16.410384615483466 2.071569143611021 -2.647333204932289 -17.904816675654484 -23.49477318000634 0.09146992315556048 9.672616580340721 16.780111024271662 5.294235834989879
0.5986480557439797 0.5443184203693452 0.708977709731454 7.323442636173509e-07 -0.4252652512026924 -0.20966373523989953 4.334640780859562e-06 -18.283440337649605 -23.737225673625584 -0.05689132839526143 16.88907544282331 2.3896749549144403 -2.4820128703587394 -17.86496136163531 -23.423319625894237 0.11370942236416111 8.748374234622625 16.187023614161077 4.9635922766393925
0.6031198745280087 0.5424159447042688 0.7080391322827055 7.518108683697022e-07 -0.4256082446397139 -0.2101110091974578 4.373168706526707e-06 -18.2069593615522 -23.725741577444527 -0.06757477530432751 17.303192959195464 2.7505761018304766 -2.293954989264042 -17.827675747322477 -23.352430073381495 0.13507436952181803 7.954438545580468 15.509948716084828 4.587472661657432
0.607762173685163 0.5404393153606034 0.7070626517196896 7.722228112044877e-07 -0.4259653822580362 -0.21057774045300048 4.422215674815665e-06 -18.125796497847695 -23.712066832498735 -0.07775171846638276 17.649835773795004 3.1423557079716598 -2.089673938861883 -17.792338540364952 -23.282131506971492 0.15542621465164508 7.296866678213614 14.773062629356732 4.178905656156283
0.6126086043057534 0.5383739978731681 0.7060409153011374 7.937973515939482e-07 -0.4263393879463928 -0.21106762603665502 4.4825247473343975e-06 -18.039548891135077 -23.69583835613563 -0.0873584102540624 17.92918844941487 3.5540720129455736 -1.8751553821266258 -17.75830200504666 -23.21241481784248 0.17463744077296536 6.7755618958095445 13.998618577774359 3.7498625117785185
0.6176961278720673 0.5362039847765806 0.7049657894984709 8.167822849960479e-07 -0.42673328112748715 -0.21158479313011702 4.55467424478051e-06 -17.94775651656871 -23.676676341860077 -0.09633610430444338 18.14377506007126 3.9763278431052007 -1.6555526304863328 -17.72488544452064 -23.143226266126927 0.19259053038038715 6.385777992606199 13.205823626801303 3.310649793548188
0.6230662281222026 0.5339112647345395 0.7038280849524015 8.414644979942443e-07 -0.4271504796257574 -0.21213394468574803 4.639040712939239e-06 -17.84987945194956 -23.654170488669386 -0.10462855296394252 18.297641874874593 4.401504774748588 -1.4350643142580186 -17.691367569554835 -23.07446751790137 0.20917295947808562 6.119764212826556 12.410384919077629 2.8696647244447435
0.6287659559167142 0.5314753575419866 0.702617309432085 8.681783698495213e-07 -0.4275948930772348 -0.21272049675058619 4.735738522652397e-06 -17.745280395363075 -23.627864776706552 -0.1121782196340267 18.395627916891524 4.823729122730819 -1.216956819834921 -17.656974963472514 -23.00600138979539 0.22426962143106843 5.968233473940433 11.62459142959698 2.4334400658175768
0.6348489706548837 0.5288728443193678 0.7013214128953065 8.973145615213299e-07 -0.4280710201407492 -0.2133507258564338 4.844526892995806e-06 -17.633209935895408 -23.597241064903265 -0.11892200256336799 18.442804274485617 5.238677429287577 -1.0036734241738392 -17.62086456014596 -22.937659159724113 0.23775427367058383 5.9214934651036915 10.85771772706823 2.006862395658379
0.6413767727406142 0.526076808077518 0.6999264809168076 9.293297459060484e-07 -0.4285840657868737 -0.21403194955719795 4.964676927043775e-06 -17.5127910327771 -23.561700936402524 -0.124786947071457 18.44409084300783 5.643318074258798 -0.7969782686902781 -17.5820987421976 -22.869246218875716 0.24948096116832338 5.970224892671707 10.116558807202203 1.5934600696878518
0.6484203089883416 0.5230561039643861 0.6984163336817182 9.647575926114654e-07 -0.4291400947900049 -0.21477276405621834 5.094791549594418e-06 -17.382999356427348 -23.52054452805295 -0.12968603387112193 18.404018587788116 6.035652300578638 -0.5981014451815687 -17.53961168358391 -22.800544312065913 0.25927559198298267 6.105972303424267 9.405971804464558 1.195693411208178
0.6560621293597009 0.5197743783410138 0.6967719861409477 1.0042209853947405e-06 -0.4297462383776938 -0.21558336544989326 5.23257028922509e-06 -17.242636519089107 -23.472944499544486 -0.13351384721778992 18.326593545588025 6.414486135894724 -0.4078687543770658 -17.492164795923173 -22.731309615005788 0.2669272723370404 6.321436746593334 8.729364273199879 0.8152142517252092
0.6643993070198065 0.5161887390862818 0.6949709143773679 1.048445055824368e-06 -0.43041097520185745 -0.2164759889140745 5.3745097759337915e-06 -17.090293135199047 -23.417912623095102 -0.13614175383430702 18.2152224274157 6.77924338540628 -0.22681136905368623 -17.43828763823009 -22.661266191546584 0.27217866316303163 6.610652665354345 8.08911212059489 0.45308528712977914
0.6735474181948271 0.5122479396912161 0.6929860499213869 1.0982700979787866e-06 -0.4311445168758103 -0.21746551574128756 5.5155312881440015e-06 -16.924297837619388 -23.354255461297793 -0.13741209858760656 18.07266794547572 7.129818531477719 -0.055257051806419044 -17.376198293882833 -22.5900940695431 0.2747143701654152 6.969115796629584 7.486914511173319 0.1099625504840237
0.683646032224899 0.5078898678012758 0.6907843822041573 1.1546626736826069e-06 -0.4319593444270535 -0.21857032542592308 5.648531575344537e-06 -16.742646623620423 -23.28051393649144 -0.13713077639345722 17.901009000811495 7.4664635007310824 0.10659227573692232 -17.303693532886733 -22.51741034743284 0.27414608651954614 7.393916441082363 6.924105541130149 -0.2137494046313791
0.6948664251421659 0.5030380060462564 0.6883249782954542 1.2187221074054498e-06 -0.43287096954240206 -0.21981351681400074 5.76386859898538e-06 -16.54290378798648 -23.194878781322732 -0.13505730670522667 17.70158410607622 7.789700570415953 0.25859001131504833 -17.21799302865268 -22.44274026689995 0.2699927411997128 7.883928742087772 6.401950540568171 -0.5177564094899951
0.7074226858074376 0.49759631972801566 0.6855561052054954 1.2916780746076046e-06 -0.4338990425024469 -0.2212247046737922 5.848833554488547e-06 -16.322060279015773 -23.095068968390184 -0.13089113905206848 17.474894361287966 8.100252782121293 0.4005727282828206 -17.115511414770026 -22.36547258376917 0.26165311029667615 8.440115527668759 5.921964903136638 -0.80173033992109
0.7215882076226824 0.4914416394936109 0.6824109145656677 1.3748734906366212e-06 -0.4350690161523209 -0.2228427493207643 5.887256774895564e-06 -16.07632558457288 -22.978151374862197 -0.1242522292862602 17.220432373315262 8.398981014691534 0.5322736304181788 -16.991512780215334 -22.284788706842374 0.24836697122345675 9.066036868601573 5.486312902693366 -1.0651359865138472
0.7377211316173645 0.48441186798006 0.6788007163051325 1.469727316231779e-06 -0.4364147433321844 -0.2247200703249596 5.859626035243721e-06 -15.80081090269329 -22.84026314372019 -0.11465271155520436 16.93637938655348 8.686810093681196 0.653199518764077 -16.83956499261942 -22.19954534307287 0.22915845037878552 9.768715560111486 5.098386845133573 -1.3069850001316783
0.756305494342872 0.47628683779458575 0.6746039833189966 1.5776813849235854e-06 -0.4379827285114057 -0.22692980075508554 5.74466123286863e-06 -15.489024754539221 -22.676164433556615 -0.10145430247387152 16.619058698257568 8.96460685787451 0.7624270409335318 -16.650634270380134 -22.10806946478643 0.20275083680925068 10.560155454625434 4.763766359759535 -1.5254285479903504
0.7778031523078587 0.46685152594786994 0.6696974737094314 1.6989717937950038e-06 -0.4398206825928886 -0.22955135395514276 5.5272833441879856e-06 -15.135579788786478 -22.480494809932924 -0.08398962844079157 16.26543374794211 9.230470677179191 0.8573990428794057 -16.41399301721404 -22.008757751077294 0.16780935970220362 11.451200763404634 4.494194041155897 -1.71535081409323
0.8028329594335608 0.4558157759678166 0.6639127038481176 1.8334697533108484e-06 -0.4419940037333177 -0.23269609203225122 5.214865999387507e-06 -14.733444945410042 -22.246195281763395 -0.06149559757335319 15.869598661047641 9.481949084337213 0.9346402264836039 -16.11468770596158 -21.898879821284964 0.12280784817137527 12.460203051236492 4.3057110345507015 -1.8698019395671466
0.8324396320372497 0.4426911734859991 0.6569666504119196 1.982519601401891e-06 -0.4446123093741685 -0.23655118567565908 4.868784354286708e-06 -14.270320839199922 -21.96185194448113 -0.03293208785436974 15.4179441650472 9.715729141266786 0.9887604300911205 -15.728475670200073 -21.772961152229694 0.06566592374859928 13.625342607322454 4.223660285032337 -1.9780077386176695
0.8679517961565971 0.42684524901888693 0.648481131658612 2.151061447027035e-06 -0.4478229862512162 -0.24138112220887778 4.684519521849252e-06 -13.732203004890854 -21.612962313422 0.0026692709083607283 14.889620283678871 9.920307945590842 1.008458748017085 -15.220118892106983 -21.622188539017188 -0.005553647961424185 15.003058057763878 4.297496329706094 -2.017385947986355
0.9072398820701372 0.4091798758914175 0.6388882400951439 2.340064582122332e-06 -0.4514672353814483 -0.24700595738278644 5.064396432127149e-06 -13.158641944985824 -21.220222924339637 0.04183977294510498 14.307042419998774 10.056376082278469 0.9758423048079073 -14.600703699170106 -21.448378160835116 -0.08391355234842222 16.53263869814728 4.587843573721709 -1.9521910492590275
0.9390835239999437 0.39475549449333097 0.6309469400034436 2.5148054815428727e-06 -0.454494379180517 -0.2517986035538474 6.019130006246528e-06 -12.71069523445005 -20.899255731598952 0.07188132791788611 13.824714233321693 10.089873766349205 0.9034393280366717 -14.054158980432998 -21.296182537146453 -0.14401413638392654 17.800009451408314 5.000112822686334 -1.8074805690739681
0.9639016156093462 0.38344603989060155 0.6246497928007406 2.6784029643785325e-06 -0.45690046416800056 -0.2556890215562787 7.2358052154730325e-06 -12.372382958937372 -20.649135335175007 0.09324089677656393 13.436494974749783 10.05650167438299 0.8120889540116134 -13.599838071185411 -21.166708609724036 -0.18674963384956575 18.817056467300493 5.455898806861898 -1.6249014885447741
0.9842683000566118 0.3741201153906122 0.6194088197943591 2.83868374999917e-06 -0.45890619209568567 -0.2589888784521071 8.549883844510625e-06 -12.102059622719834 -20.445022219454547 0.10877177309837327 13.10748762701216 9.978655654432801 0.7080974386323118 -13.20789229362155 -21.05083754052682 -0.2178274145717465 19.675643955544246 5.941576536345114 -1.4170498656490746
1.0015883362487807 0.36615690806451473 0.6148982400428769 2.9979779861488443e-06 -0.4606342871760747 -0.2618746365410458 9.873558787109938e-06 -11.877517271808902 -20.273096411598857 0.12008244188177061 12.820025306221476 9.866088393422114 0.593447989045408 -12.86065626283367 -20.943631181089962 -0.24046468156215617 20.42337810516452 6.455286867260356 -1.187883333969527
1.0166754386490362 0.3591958083213895 0.6109279552094266 3.156477984966344e-06 -0.46215650665095437 -0.26445022899567655 1.115505492855188e-05 -11.686019753958162 -20.125262718617343 0.128127686727497 12.56503933210704 9.723450870515501 0.46872378230351575 -12.547541324222621 -20.842270083707966 -0.2565710212534907 21.08557200088136 6.998121158536656 -0.9385630700998867
1.030041888372558 0.35300932904622245 0.6073776647886432 3.3135922871625007e-06 -0.46351833644550505 -0.26678183180870446 1.2362362385361978e-05 -11.51958817700677 -19.996381690776303 0.13352058105863088 12.33795051675195 9.553063151773133 0.33395796252919396 -12.2617565506087 -20.745003097311717 -0.26737252134597805 21.675932611046605 7.572056877324182 -0.6691521612969241
1.042031359059276 0.34744461330252563 0.6041663481105386 3.468469806187465e-06 -0.4647504571061367 -0.2689141999779593 1.3475575010351746e-05 -11.372872988517692 -19.88297971418293 0.13668071776910665 12.136864087844126 9.35610121053145 0.18896958853192491 -11.998715353217179 -20.650675382687997 -0.2737082825188321 22.201317534925423 8.179217576733032 -0.37928673456488493
1.052886465775816 0.3423936033882932 0.6012366208600298 3.620228362287887e-06 -0.465874631617673 -0.2708791368912754 1.4482930521818312e-05 -11.242085474728752 -19.78258556748163 0.137911305410647 11.96169250681168 9.133198137465449 0.033529506510241114 -11.755189389371822 -20.55849095103972 -0.2761846336575228 22.664078148143947 8.821517414196645 -0.06850730607266398
1.0627861961494167 0.3377764656752372 0.598545999247505 3.7680663702432316e-06 -0.4669069982187461 -0.27270027803888136 1.5378578235588725e-05 -11.124412887562755 -19.69335983696187 0.13744222063652617 11.813692564327756 8.884799048003115 -0.13253817133957607 -11.528820792398209 -20.467880250826745 -0.2752612479100767 23.063314693219098 9.50042970788191 0.26353848485559334
1.0718679784114613 0.3335317946836588 0.5960617130997927 3.911320600824154e-06 -0.4678600276125034 -0.27439596171337594 1.6161172426355173e-05 -11.017677490769879 -19.613875505233374 0.13545520918476675 11.69520545369281 8.611406814658855 -0.30927793359861344 -11.31782448682612 -20.37842029951252 -0.27130155042961596 23.395591853864726 10.216782542019887 0.6169397499545913
1.0802412740263014 0.3296105679453462 0.5937574931591011 4.049494024886817e-06 -0.4687437358718836 -0.2759810221915696 1.6832863627691893e-05 -10.920128371553822 -19.542982760375903 0.13209910633170038 11.609500655260694 8.313783450083761 -0.49652873459161834 -11.120800051426977 -20.289783795158296 -0.2646031620658895 23.655372276666977 10.970535318989441 0.9913741828204674
1.0879962088586186 0.32597230339321603 0.5916115247205879 4.182264266778418e-06 -0.46956645691057247 -0.2774679372521317 1.7398490454279852e-05 -10.830309739125811 -19.479723380040504 0.12749927031796315 11.560668905504107 7.993142665360075 -0.6938428764964379 -10.936610861069983 -20.20170571197777 -0.25541676706260424 23.835307880049037 11.760508394493025 1.385945903947448
1.0952091657864131 0.3225825699099357 0.5896051224217426 4.30947846294272e-06 -0.47033534230044466 -0.2788675704288449 1.7864889802681617e-05 -10.746975211302306 -19.423275393825286 0.12176364549507715 11.553526383278182 7.651355654945888 -0.9003906847853951 -10.76430656838896 -20.113961454523675 -0.24395823883644863 23.926481463488102 12.584045732992717 1.7989948805905218
1.1019464490287223 0.3194113592498365 0.5877218670717972 4.431138570235593e-06 -0.47105668629049213 -0.2801896496130477 1.82402994837448e-05 -10.669030724486051 -19.37291661582564 0.11498695276089417 11.593495778479632 7.291184106899568 -1.114846303264229 -10.603074476011546 -20.026353475528435 -0.23041701937881195 23.918677072089952 13.436596747505636 2.2278685765800836
1.1082666880827308 0.3164320226440309 0.5859470473284739 4.547380359030986e-06 -0.4717361355104137 -0.2814430690348331 1.8533851850569674e-05 -10.595495875471771 -19.327999958751004 0.1072540018747885 11.68642587431928 6.916546261917092 -1.3352533558498656 -10.45221051345955 -19.93870481534538 -0.21496274178548014 23.800761802402814 14.311214379649133 2.6686533265146744
1.1142223992290805 0.3136205858223156 0.5842673068862624 4.658448821749903e-06 -0.47237882101738493 -0.28263607046461625 1.8755164319680562e-05 -10.52547764370124 -19.287935923734956 0.09864281782059471 11.838303443882044 6.532808944457383 -1.5588755732664905 -10.311103294829081 -19.85085884115632 -0.19775148052336447 23.56127521397441 15.197989157546862 3.1158756301010126
1.119860985504968 0.3109553165564351 0.5826704292305092 4.764672461043276e-06 -0.4729894384873991 -0.2837763429103376 1.8914030628156717e-05 -10.458152870369602 -19.252179144492192 0.08922803498515243 12.05480533223332 6.147076145830639 -1.7820490717539204 -10.179225914904306 -19.762684634066524 -0.17893253721640923 23.189333184273274 16.08348199937248 3.562206740445025
1.1252253966046692 0.3084164442548215 0.5811452043231176 4.8664390345691185e-06 -0.4735722977030239 -0.2848710748912213 1.9020209099317004e-05 -10.392757133012399 -19.220216815164644 0.07908472173767082 12.340645647316398 5.768409729354928 -2.0000713646342403 -10.056130159457354 -19.674086801982458 -0.1586560873787986 22.675938475669597 16.95028803041228 3.9982407083585487
1.1303546670300297 0.30598593080677483 0.5796813193521749 4.9641758798420246e-06 -0.47413136333623757 -0.28592699751967804 1.908329312937449e-05 -10.32857792712001 -19.19155757607575 0.06829236080700789 12.698710629542475 5.4078742305288605 -2.207185053754395 -9.941437226437463 -19.585016783065996 -0.13708113920200002 22.015715074538807 17.776951290910084 4.412461778195853
1.1352845681351282 0.3036471822425538 0.5782692082208967 5.058338490416384e-06 -0.4746703118127443 -0.28695046415114794 1.9112637418906312e-05 -10.264949537552653 -19.16572024975996 0.056938146931567624 13.129058162074278 5.078266600755641 -2.396730100888875 -9.834819149150075 -19.495480322569747 -0.11438212771217693 21.208914857125883 18.538513213603515 4.7915489380358585
1.1400485766254742 0.30138460527820266 0.5768998017616414 5.1494103614404105e-06 -0.4751926261616382 -0.2879476090244296 1.9117307728534668e-05 -10.20124632795833 -19.14222285544698 0.04511835231988026 13.62798017642257 4.793414665388025 -2.5615254265339673 -9.735967871903606 -19.40553446527017 -0.09075164567590463 20.263302263318685 19.207931571666915 5.121139122295081
1.1446792008689932 0.2991829885804587 0.575564165526145 5.237913948046207e-06 -0.47570173357287854 -0.2889245960526972 1.9106031348834413e-05 -10.136871708181449 -19.120573344346415 0.03293678089586183 14.187420372704667 4.567042189581479 -2.6944788503594688 -9.644555441682973 -19.315269863921664 -0.06639735318652834 19.195332611878523 19.758375226106768 5.387047097584054
1.1491835662270822 0.2970391363008161 0.5742605892336154 5.323933692093127e-06 -0.47619830491495513 -0.2898823896831941 1.908726725823909e-05 -10.071625396290543 -19.10037791313353 0.020572724335124006 14.791400038965062 4.412053495949784 -2.7889007342813983 -9.560662837500521 -19.225303097094482 -0.04167784203945739 18.037030413565397 20.164131976419842 5.575892741836972
1.1535898322475633 0.2949398073310445 0.5729812128865647 5.407995451432398e-06 -0.4766853522176278 -0.29082652510851414 1.9068921155721238e-05 -10.005071077069775 -19.081133338387524 0.008154069492215588 15.422487104583642 4.336475206739774 -2.8407770718283176 -9.483838578964901 -19.13585461188141 -0.016848938529574482 16.823561012595498 20.409702097371873 5.679647251541064
1.157936473586398 0.29286678060550264 0.571715057343201 5.490853988148716e-06 -0.4771670678234234 -0.2917649535295054 1.9058227621685914e-05 -9.936645483145295 -19.062298266154365 -0.004226485942395577 16.062904070545 4.343967891049883 -2.8484508639148345 -9.413387094259678 -19.04690920201137 0.007903886485976216 15.590898641252343 20.488559570850775 5.6949959050675005
1.16226140373839 0.2908020276244714 0.5704511624128474 5.573281152518857e-06 -0.47764762717972503 -0.292705748658736 1.906194164624804e-05 -9.865802234865736 -19.043345119567824 -0.016483294079860142 16.69468643290987 4.434198825805302 -2.8123825940772424 -9.348598292715666 -18.958426002149082 0.032409260044468334 14.375389852152772 20.402177214263002 5.62285899398986
1.1666014639754285 0.2887279593939159 0.5691787402141317 5.656055837458504e-06 -0.47813112982639816 -0.29365699131387074 1.9086518253108786e-05 -9.79201693264738 -19.02376084699128 -0.02853541007033754 17.300956378209115 4.603047160545072 -2.735029744449459 -9.288762074096828 -18.87035232743061 0.056505214556929154 13.211200226221584 20.159604810296933 5.4681508370736065
1.170991886018996 0.28662768587115584 0.5678873362141552 5.7399564831105335e-06 -0.47862153748238756 -0.29462664794860455 1.9138247322932434e-05 -9.714795596535028 -19.00304752179664 -0.04030405556642716 17.86699144664491 4.843140074684479 -2.6205525712583566 -9.23317739404553 -18.78263857782224 0.0800341154845432 12.128170854948937 19.7763846454915 5.23919131778442
1.175466066970126 0.2844851259857047 0.5665668983456672 5.825761907398262e-06 -0.47912264693531864 -0.2956225180153103 1.92233157699465e-05 -9.6336800239817 -18.980722285348527 -0.05171137323865213 18.381035990770258 5.144642478348426 -2.4743888628704584 -9.181152550607068 -18.695245263869666 0.10284017028656436 11.150192711991346 19.27296684483418 4.946855394163922
1.1800558801093142 0.28228486014440235 0.5652076861507752 5.9142641553388165e-06 -0.47963812330501854 -0.2966523036657191 1.934779956521089e-05 -9.548243996040117 -18.95631553254318 -0.0626810710366745 18.834797818547443 5.496227334804869 -2.302737656169936 -9.131998022360003 -18.60813754999116 0.12477071565781507 10.29421669340697 18.672775696962173 4.603540532383351
1.1847925644663109 0.28001170289770266 0.5638000036493005 6.006294021167365e-06 -0.4801715994972752 -0.29772381792445857 1.9517614946647653e-05 -9.458077348686636 -18.929365786092735 -0.07314040274379496 19.223566815535015 5.886118659184348 -2.112009818628175 -9.085015592396994 -18.521268792744575 0.14568017608547312 9.570026318657492 18.000144474077164 4.222067875761685
1.1897080259080763 0.2776500739942244 0.5623338013941435 6.102756446631614e-06 -0.4807268241711634 -0.29884530122042424 1.973846391695055e-05 -9.362759997523318 -18.89941020507105 -0.08302211869730691 19.54593729172008 6.303054373068803 -1.9083260198469423 -9.039487404375805 -18.434559729272245 0.1654339617499506 8.980807833676181 17.27842137590482 3.8146781933021896
1.1948362573082398 0.2751833066021673 0.56079823122541 6.204671026069001e-06 -0.48130782610656286 -0.30002578642934175 2.001578927116916e-05 -9.261832043889314 -18.86597095695703 -0.092265044639583 19.80320828110892 6.73701754083114 -1.6971406869453554 -8.994666572438101 -18.347881208626927 0.18390962217655904 8.52436604843845 16.5285435612719 3.392279794963594
1.200214634072911 0.272593008897401 0.5591812242545381 6.313213861591687e-06 -0.4819190677728618 -0.3012754610572187 2.0354723776490976e-05 -9.154766237783345 -18.828538707336858 -0.10081272603236871 19.998617306827505 7.17965370580367 -1.4830334349822527 -8.94976841417341 -18.261045010780087 0.20099413067857816 8.194672163631175 15.768238694114535 2.964031397586856
1.2058850158759349 0.26985851180412834 0.5574691113520112 6.429760183017518e-06 -0.48256558022376295 -0.3026060137269521 2.0759997281178187e-05 -9.040945687462111 -18.786554456117376 -0.10861046224236451 20.13657760433195 7.624390003854244 -1.269658160277403 -8.903959805488615 -18.173802222966355 0.2165779484664272 7.983402813712398 15.011821364986723 2.5372403208266885
1.2118947543203393 0.26695635418571734 0.5556462541613799 6.5559301998753105e-06 -0.48325309058391536 -0.30403099244900433 2.1235761438599255e-05 -8.919645707399825 -18.73939004547707 -0.11560147129203115 20.222037413942353 8.066340600362928 -1.0598046194487845 -8.856344003772085 -18.085845325183854 0.2305473495640747 7.881234230506834 14.27041804417458 2.117485662753709
1.2182977903169339 0.2638597153045715 0.5536946271235166 6.693642208107056e-06 -0.4839881633272672 -0.30556622607620904 2.1785296288897096e-05 -8.790016348492445 -18.68632654709362 -0.12172281250845052 20.2600068896791 8.502099328347033 -0.8555196535843678 -8.805938833472261 -17.996809618164413 0.24277626079609024 7.878802553368518 13.552423950926842 1.7088607775398459
1.2251560388621268 0.2605376961277181 0.5515932832214813 6.845177269598771e-06 -0.48477837871308477 -0.3072303705671957 2.24105652056224e-05 -8.651061586048414 -18.626528806528466 -0.1269013369763475 20.25524278509852 8.929499846899574 -0.6582467194755429 -8.751646440674984 -17.9062707090912 0.2531181562257351 7.967352301111438 12.864037362920424 1.3142523824305237
1.2325412556384525 0.25695435056591903 0.5493176322015616 7.013259698861902e-06 -0.4856325720365764 -0.3090456507030163 2.311157902026964e-05 -8.501611323568474 -18.559013639849166 -0.13104959270696845 20.212054862492867 9.347392429964396 -0.4689592967132069 -8.692212409454955 -17.81373594045782 0.26139785944405064 8.139147478671909 12.209780210372841 0.9356074355243869
1.2405376009799929 0.2530673546872586 0.5468384465643602 7.201157754302541e-06 -0.4865611605066767 -0.3110388871519962 2.3885515458122094e-05 -8.340282348051149 -18.482608266052043 -0.13406137021655695 20.13419327989776 9.755460991671512 -0.28827765272687944 -8.62617077262356 -17.718628124331932 0.2674026246576836 8.387729490872148 11.592966731856595 0.5741667539079466
1.2492451845632617 0.24882616489186857 0.5441204791306098 7.412809528702027e-06 -0.4875765932345949 -0.3132429372053294 2.4725516624377567e-05 -8.165423624816222 -18.39589417719505 -0.13580640369912023 20.02478144788523 10.154088652105479 -0.11656724082373301 -8.551769239554414 -17.620259558670877 0.2708715264453702 8.708096427689036 11.016116416321987 0.2306619299850282
1.2587850071235491 0.24416944487946568 0.5411205176990688 7.652979990127089e-06 -0.4886939762432152 -0.3156987461817202 2.561905537586132e-05 -7.975039531428451 -18.297129371622624 -0.13612357411335452 19.88626586278658 10.544273522111736 0.045978240713007434 -8.466865425089667 -17.517793026661618 0.2714818502276963 9.096865898748362 10.481327573948551 -0.0945183869636011
1.2693059461117784 0.23902141812757408 0.537784601524213 7.927456252196355e-06 -0.4899319524277781 -0.3184583255845827 2.6545722867740832e-05 -7.766681358517042 -18.18413803664744 -0.13481172005491898 19.720358999858885 10.927595725644128 0.1992635338325205 -8.368779095723326 -17.410184079126417 0.26883069448461827 9.552477243060043 9.990641107170015 -0.40118163995181516
1.2809948285947375 0.23328659059343193 0.5340439491025432 8.243289238211312e-06 -0.49131396380085757 -0.3215891841181439 2.7474254573974007e-05 -7.537291727446207 -18.054150130393726 -0.13161676672736872 19.527951264385315 11.306240230369202 0.3432205571596403 -8.254075604450778 -17.296094649466855 0.2624092045309162 10.075493851315127 9.546437951075992 -0.689188539776678
1.2940913397688703 0.2268419102977365 0.5298088305200531 8.609090982993575e-06 -0.49287010605584797 -0.3251811231371007 2.8358618391031143e-05 -7.282976526080895 -17.90356139575949 -0.1262132071659395 19.30896078926538 11.68308766983785 0.47772816029598675 -8.11823797761186 -17.173760260486333 0.25156550523357957 10.669089027054032 9.151936974034374 -0.9582921824310767
1.3089108377903762 0.21952471987393518 0.5249590160522586 9.035399484767935e-06 -0.49463993687843777 -0.3293570539998137 2.913315794139992e-05 -6.998660297023012 -17.72756183517358 -0.11817678346933166 19.06207017692569 12.061898875622708 0.6025047000752898 -7.955151393347493 -17.040777934878687 0.23545002699018647 11.339853333992396 8.811907648735957 -1.2079227159447197
1.3258807899264906 0.2111134347074494 0.5193282130418893 9.535135983318162e-06 -0.49667689322010616 -0.3342910333365345 2.9707498530636598e-05 -6.677544111624659 -17.51953546608685 -0.10694305958538397 18.784253671236353 12.447643257728519 0.7169385455453223 -7.75625524749562 -16.893750372015216 0.21293260557243604 12.099181979537915 8.533816818196415 -1.4368478409437084
1.3456022176415485 0.20129481963226384 0.5126772450218328 1.0124240749716212e-05 -0.4990555792518187 -0.34024013023786115 2.9964409029327772e-05 -6.310207033769115 -17.27003673941167 -0.09174252057527912 18.46989153802718 12.847066621869748 0.8197797712700934 -7.509067895688154 -16.727651023359936 0.18247261707558654 12.965774849127513 8.32987978004662 -1.6425559834431196
1.3689604065956307 0.18960476522392272 0.5046445327499407 1.0822836316940787e-05 -0.5018844860330093 -0.3476049346645285 2.9772306664462706e-05 -5.883020947257757 -16.96492538311831 -0.07149542405313546 18.10900549095326 13.269672890908165 0.9084997998549594 -7.194434627876758 -16.534602508757448 0.14190856447457675 13.970437621394408 8.221147684636525 -1.8199768303763653
1.3973356680548426 0.1753147995385132 0.4946484547360708 1.1658292191200945e-05 -0.5053289914699113 -0.3570534704723823 2.9055073438036206e-05 -5.375236850773438 -16.58175443348775 -0.04464358647766542 17.6835060467535 13.72932091705729 0.9777527947533167 -6.781006252304443 -16.301336606631576 0.08812134373621065 15.165887053484134 8.24670521312365 -1.9584110968504371
1.4329176394629584 0.15725743167111378 0.4817207352824009 1.2673721350793043e-05 -0.5096400262867792 -0.3697578924248533 2.808869351777005e-05 -4.755350587976541 -16.08389303945155 -0.009036848079212192 17.160034045619426 14.244719004111133 1.0150418975817381 -6.215041991158294 -16.00428744933698 0.01680632402334499 16.643934537439076 8.486351234263067 -2.032892664515253
1.4761017822413502 0.13513705298970186 0.4653950382198561 1.3885465872473804e-05 -0.5148107837615559 -0.3866202428930504 2.8514372615082037e-05 -4.0280708503800176 -15.456546713255623 0.034576763552386564 16.519794347500696 14.796814799038314 0.9923455928063261 -5.4575635982101485 -15.626410395474359 -0.07054207369202059 18.44148968115419 9.068394691228416 -1.9875426228741604
1.5131045924942639 0.11600731956328894 0.45079945856238757 1.4996611198987177e-05 -0.5191266057451864 -0.4025076604080437 3.223190709995531e-05 -3.4272805541125857 -14.901299055851922 0.06994830144526121 15.947759526630303 15.202446320445109 0.9085292127226986 -4.746170848103723 -15.277347744534906 -0.1413962640104212 20.01714152125804 9.845873399914154 -1.8202816161553927
1.5423605552151054 0.1007713591901656 0.43882677477331417 1.602482081741835e-05 -0.5224134672326645 -0.41613770674379896 3.8657502850733234e-05 -2.967645619039776 -14.452574600492246 0.09491602939154857 15.469439983245703 15.462285095580203 0.789300687309609 -4.141844680937007 -14.977528276346916 -0.19143454086483908 21.302466756775043 10.689200483219496 -1.5824671249042914
1.5639475248633241 0.08946876754692865 0.42972889333001735 1.693328532818349e-05 -0.5247380200265731 -0.42686701945678124 4.5887900098311914e-05 -2.63767960734922 -14.117179396225719 0.11064730307024948 15.098924569666108 15.602710733293504 0.6616885870903804 -3.6715175399944235 -14.73853054055029 -0.2229879346733174 22.275952863325095 11.48128047909112 -1.327965964190592
1.5809566345844823 0.08052841354541329 0.422393221346471 1.7774059425267675e-05 -0.5264924214237429 -0.4357574969714181 5.321654087478375e-05 -2.383414108581448 -13.851159761365004 0.12082772320435134 14.79748202294901 15.669324397538258 0.5302103510869676 -3.2860131373784327 -14.537002611917085 -0.24343285235122952 23.05427809647627 12.237100902065297 -1.0657423562614137
1.5949323729078282 0.07316057785331695 0.4162503293202356 1.8566285658133122e-05 -0.5278727699262226 -0.44336945444420206 6.031226805335165e-05 -2.178362459949099 -13.632014169514457 0.12733313173863914 14.546264854734574 15.684745533102223 0.39642392544746735 -2.9593328654334954 -14.361004592994636 -0.2565228920430917 23.69474728315311 12.967454378215766 -0.79887907770027
1.606785683233516 0.06689684766931002 0.41095552820267167 1.9320428930357783e-05 -0.5289934676951084 -0.4500541409729813 6.703471374388785e-05 -2.0072006334668036 -13.446196758330611 0.131249481630572 14.33428786755603 15.661899136491392 0.26061660904624007 -2.6752834999973936 -14.203159303605936 -0.2644310061541799 24.23077103439878 13.681615824315347 -0.527936689466869
1.6171038553427304 0.06143375093209723 0.40628099607795676 2.0044306110565427e-05 -0.5299268521253635 -0.4560517121940271 7.333925067204712e-05 -1.8602296465696173 -13.284840154581103 0.133243004346859 14.154683689814307 15.608554015376638 0.12242231718357044 -2.422915800070487 -14.058419298633464 -0.2684904393047747 24.68331783290773 14.388063188649442 -0.25217855943434564
1.6262854796299944 0.05656448902322172 0.4020686394822013 2.074453505483756e-05 -0.5307208227096565 -0.4615338979038008 7.922500717157124e-05 -1.7309700340050018 -13.141866718634883 0.1337326539402293 14.00322328053758 15.52940157652417 -0.018856587254171053 -2.194508834312167 -13.923130510950356 -0.26953976138594243 25.065635709890493 15.094586637331737 0.029790673791184885
1.6346097906137012 0.05214372114001614 0.398205573639495 2.1426778680728436e-05 -0.5314080209862041 -0.4666264833920454 8.470694932335487e-05 -1.614935334135752 -13.01299881288531 0.1329833973013371 13.877616242799645 15.427213691131232 -0.16404966876448906 -1.9845014457301091 -13.794559738178872 -0.2681094724707471 25.38556961302113 15.808220956942073 0.3196286425966426
1.6422765035689006 0.048067237492726816 0.39460976216110183 2.2095730385690938e-05 -0.5320111191074104 -0.47142282963235965 8.980169055488593e-05 -1.5089360903431017 -12.895177435955704 0.13116141608858456 13.777130695428957 15.30357880936908 -0.3139802462440824 -1.7888515685864763 -13.67062134419877 -0.2645324052157383 25.646850519883124 16.53512534449781 0.6189803234326761
1.6494305665438418 0.044259266271939005 0.3912208817236616 2.275510183192689e-05 -0.5325460794637661 -0.4759927774232578 9.452108044008359e-05 -1.4106539839486918 -12.786192854736566 0.12836868345537378 13.70236298102453 15.15941964354879 -0.46935941014738625 -1.6046186592965155 -13.549702462893022 -0.25901287709394033 25.849881984327556 17.280438455228204 0.9292667122507642
1.6561784331543419 0.0406640880982038 0.3879941611199621 2.3407667552219216e-05 -0.5330242595802228 -0.48038888418512127 9.887013268419987e-05 -1.318366500428263 -12.684436585995627 0.12466549144641813 13.655083372776629 14.995392466452401 -0.6306945199360268 -1.4296758089638526 -13.430542940004951 -0.2516717496480583 25.99225921246903 18.048103485607328 1.2515020266036336
1.6625992067396023 0.037240267254482415 0.3848960516511903 2.4055361329807176e-05 -0.5334538156208606 -0.4846509761381189 0.00010284730972129177 -1.2307614897126866 -12.588728116427355 0.12008559303632 13.638117610715561 14.812225194993347 -0.7982000222117918 -1.2625037460228667 -13.31214893226431 -0.24257672220562085 26.06914634065493 18.840647223825197 1.5861153134514543
1.6687524952396464 0.033956568998397475 0.38190109747233825 2.469940605901238e-05 -0.5338406577311787 -0.4888095604167211 0.00010644602520020385 -1.146808478204133 -12.498190300901499 0.11464669519029108 13.655234726227185 14.611030126060852 -0.9717020596714864 -1.10203994343148 -13.193729145430822 -0.2317633309864835 26.0735963206635 19.65889578955041 1.9327595168229523
1.674684052733095 0.030789016791082372 0.378989632858842 2.534045921259069e-05 -0.5341891072063941 -0.49288842254469817 0.00010965671423404796 -1.0656675293914897 -12.412157852163373 0.10835801120773361 13.711012408593842 14.393613734338894 -1.1505317180853605 -0.9475666203252565 -13.07464758155745 -0.2192500683367264 25.996885903451727 20.501614785792036 2.290097764747316
1.6804298734140464 0.027718750265515096 0.3761460723842485 2.5978759927419278e-05 -0.5345023489389448 -0.49690661741598274 0.00011246910894266005 -0.9866239879171488 -12.33010902547945 0.1012259962713543 13.810647407289176 14.162794022740204 -1.3334060796344007 -0.7986270507172106 -12.954389187465948 -0.20504986853545062 25.828940079316126 21.365073696117864 2.6555652483745353
1.6860191766248525 0.024730459478421125 0.3733576364152888 2.661426852076358e-05 -0.53478274029338 -0.5008799990732209 0.00011487453182177458 -0.9090416994142001 -12.251613808283526 0.09325902470923768 13.959673696200692 13.922721459928587 -1.518302728404572 -0.6549625490137109 -12.83253602496182 -0.18917947627055182 25.55892663693662 22.242556987464916 3.0251180036269667
1.6914765987671663 0.021811232779758147 0.3706133936254287 2.7246794852395054e-05 -0.5350320184082422 -0.5048224063594919 0.000116868126358189 -0.8323297151559308 -12.176293744892794 0.08447148664187518 14.163550120638453 13.679179615238434 -1.7023430042224996 -0.5164638476639518 -12.708751872757277 -0.17166765276898996 25.176101599547312 23.123881405472325 3.39299919580918
1.6968238489824956 0.018949684806294494 0.3679035173861222 2.7876118506634104e-05 -0.5352514357966401 -0.5087466183059588 0.00011845099872342355 -0.7559187532280918 -12.103789565078287 0.07488749532026494 14.427089462818676 13.439815678232303 -1.8817119872219354 -0.3831309741732646 -12.582772608455636 -0.15256260249119338 24.67096465402667 23.995030474131273 3.7515788745715284
1.7020810613477744 0.016135242529828554 0.36521865448052226 2.8502110359473254e-05 -0.5354418450206521 -0.5126652048187078 0.00011963224791853283 -0.6792441755976303 -12.03373347917016 0.06454406441597714 14.75373135507264 13.21422417515063 -2.051655892732033 -0.2550359017875935 -12.454398489711902 -0.13193833986790168 24.03672179191993 24.838072131569522 4.091348560672213
1.707268053819817 0.013357478374746786 0.3625493073425682 2.9124868827051063e-05 -0.5356037443190049 -0.5165914060879312 0.00012043082339601139 -0.6017323189697977 -11.96572375380646 0.05349328829820689 15.144716814787639 13.013793166638154 -2.2066028308104926 -0.13228319953508172 -12.32348322664389 -0.10989906347911899 23.27094080232522 25.63155427551681 4.401162579281385
1.7124056449850216 0.01060541053887363 0.3598851541900889 2.974488079061594e-05 -0.5357372860794399 -0.5205401503875801 0.00012087711088772339 -0.5227872138201948 -11.899300297558401 0.041802911855717474 15.598291446753656 12.851241222641304 -2.3404404693011087 -0.014966626246972078 -12.189914823892074 -0.08658031179049665 22.377145714436686 26.3515325934754 4.6687932275134445
1.71751706293598 0.007866752959310719 0.35721428692497686 3.0363205113365468e-05 -0.5358422402762072 -0.5245292451794223 0.00012101418873786157 -0.44177561642998653 -11.83392141275175 0.029554929485401775 16.109114408315342 12.739838081311078 -2.4469485403173787 0.0968759369289026 -12.05358586699418 -0.06214617948214019 21.36599521099004 26.973248355320084 4.881795661760971
1.7226293376905242 0.005127173998852461 0.3545224198732344 3.09816614528532e-05 -0.5359178991426602 -0.5285806697977411 0.00012089888620463946 -0.35801000976709335 -11.768942999629447 0.016842542333476533 16.668040024003716 12.6923966329358 -2.520334925095577 0.20330261964894203 -11.914355988064539 -0.03678325081223848 20.255709866258588 27.47327371390252 5.02857996157069
1.7277744825273578 0.0023696692643481653 0.35179217005645086 3.160300124794215e-05 -0.5359629102541622 -0.532721823579056 0.00012060308103539928 -0.27073111728002874 -11.703601505688184 0.0037665897666904914 17.262356097432836 12.720202426515497 -2.5557861133983235 0.30449530812524245 -11.772013994268708 -0.010693479658175294 19.071578830550557 27.831777504874598 5.099511918693107
1.732990309268083 -0.00042586705095909493 0.34900249269636996 3.223105103770592e-05 -0.5359750306701901 -0.5369866035497644 0.00012021594635361761 -0.17909236723622507 -11.637000582945117 -0.009567096613906263 17.87644699310817 12.832064637285914 -2.5499383283330577 0.40077143956836114 -11.626248103746752 0.015911088124041836 17.844609080802673 28.03453108040461 5.087855062030754
1.7383027153131279 -0.0032731367419934106 0.34613810803085276 3.2868671915910685e-05 -0.5359509451822375 -0.5414010894765346 0.00011984900104929346 -0.08248373494094048 -11.568336148899983 -0.023002962351324638 18.490709902987696 13.032796736200376 -2.5014389362817853 0.4922811440812235 -11.477138505285303 0.04271905751105811 16.613674712248354 28.07451547525271 4.990892972458641
1.7436189665671151 -0.006122237401364257 0.34324797928514644 3.35051640567855e-05 -0.5358882092109255 -0.5458919867429646 0.00011964015957808576 0.0173823006866579 -11.498334050022464 -0.0360844675335293 19.07222018259926 13.315082564693636 -2.413851927237945 0.5774591387631114 -11.328129828469706 0.06881841866137996 15.444380555894034 27.959033544909193 4.815739838518081
1.7489730219873043 -0.0089911525340814 0.3403129669124579 3.414579302135505e-05 -0.5357840574683074 -0.550490667049218 0.00011972700119591526 0.12095248184723031 -11.426122630771848 -0.048696986459161096 19.60650624329071 13.670040859193525 -2.2926517196055327 0.6572102897136808 -11.179051429702081 0.0939793936161866 14.365393260249324 27.70898498653475 4.573330739091475
1.7543935162310982 -0.011894982591928525 0.33731623844923453 3.479597656323092e-05 -0.5356347122349837 -0.5552258462288354 0.00012025644897095035 0.22855147606028997 -11.350917783459817 -0.06073191812938231 20.08278332306106 14.08653129112184 -2.1442745925431113 0.732395307072274 -11.02978827800381 0.11798423860244145 13.397904577376247 27.34952204063986 4.276523540189127
1.759904009670214 -0.014846067592041738 0.3342432149862477 3.5461453637253715e-05 -0.5354354369902131 -0.5601235518209159 0.00012138401415925781 0.3403853552506779 -11.272026615202163 -0.07208938494257448 20.494225651891107 14.552298915523696 -1.975533476113633 0.8038360487028193 -10.880268268220432 0.14063262452142353 12.555092395239095 26.9077573510442 3.93892855081134
1.765523546692717 -0.01785427574026736 0.33108133824235964 3.6148503728666614e-05 -0.5351805703123291 -0.565207381391778 0.0001232718575415517 0.45655411831089054 -11.188846388285207 -0.08268145706865178 20.837801814531634 15.055075877439512 -1.7930740154354468 0.8723193374049564 -10.730441047665545 0.16174806376443682 11.842453402169644 26.410586384298778 3.5738208451167384
1.7712672146143125 -0.020927292772569106 0.3278198253171488 3.6864165351727256e-05 -0.5348635402250979 -0.5704987934701029 0.00012608599598068512 0.5770668864302507 -11.100861551794088 -0.09243454467233163 21.113741100455815 15.583474988431588 -1.6029485068677194 0.9385955043964104 -10.580259428126698 0.18118267280949046 11.258871821598152 25.882929370147117 3.19328841413737
1.7771464286448009 -0.02407076493396811 0.3244495701278782 3.761640631662023e-05 -0.534476877399257 -0.5760171694193434 0.00012999282437007508 0.7018527497854447 -11.007642712730892 -0.10129030162782003 21.324779851525147 16.127567885361085 -1.410352389354699 1.003370993825923 -10.429671587326025 0.19881896262397797 10.7981280368754 25.34658117121218 2.80770549627239
1.7831688366346776 -0.027288239381307654 0.3209632644188928 3.841421319447148e-05 -0.5340122563729484 -0.5817795088105122 0.00013515485491282232 0.8307635740872656 -10.908850300224355 -0.10920527342243058 21.475361926589848 16.679135778558468 -1.21952127345815 1.0672967899562358 -10.27862584144056 0.2145691255254139 10.450501784115147 24.819679323934295 2.4255270614250177
1.789337925978636 -0.030580947503549043 0.31735570670306396 3.9267582001391445e-05 -0.5334605925259251 -0.5877997854610363 0.00014172546976131485 0.9635697398936016 -10.804243241457954 -0.1161500095599505 21.570928354964106 17.23166053341029 -1.0337503580277 1.1309552705677026 -10.127084187390476 0.2283732609197618 10.204202542664305 24.31665747928304 2.053328169079269
1.7956525391045968 -0.033947543390813545 0.3136241921060695 4.018740216137077e-05 -0.5328122106293828 -0.5940881209337979 0.00014984266195639553 1.0999532511385657 -10.69369044215127 -0.12210831047282165 21.61736235704817 17.780157185646676 -0.855485660416609 1.194847836804225 -9.975038326304405 0.24019788072950615 10.04649634884194 23.848497722086446 1.6959870546375786
1.802106558961451 -0.03738393882616531 0.309768834337138 4.118523747238294e-05 -0.5320570803841945 -0.6006500169112604 0.00015962216794839862 1.2395042725992522 -10.577180817348426 -0.12707691980920216 21.620595479275327 18.32094186372498 -0.6864433753527501 1.2593853374180282 -9.822521799016942 0.25003531587116595 9.9645170798688 23.42311796367609 1.3569245339106604
1.808689049509486 -0.0408833876053665 0.30579264283827295 4.2273032063298414e-05 -0.5311850836189775 -0.6074859579622612 0.00017115098390310554 1.3817276183143186 -10.45482591619139 -0.13106557283076556 21.586345352830023 18.851404192791716 -0.5277283932483073 1.3248835239080141 -9.669612451444507 0.25790384245520115 9.945817656237708 23.045787410642692 1.0383416881063041
1.8153851559022154 -0.04443698000674782 0.301701147973433 4.346281515149125e-05 -0.5301862322702322 -0.6145917768933915 0.00018448292068196784 1.5260657201324572 -10.326847591457815 -0.13409700443554792 21.519942796149113 19.36982866838126 -0.379936946350804 1.391566560409869 -9.516419614427662 0.26384772735594664 9.978737634724991 22.719520352576637 0.7414256006334112
1.8221780812296478 -0.04803471047068936 0.29750133728858025 4.476654809487112e-05 -0.5290506931319114 -0.6219602612998992 0.000199638478534621 1.6719442362129884 -10.193541816408754 -0.13620632863294369 21.42620619056253 19.875292080589062 -0.24323829761475818 1.4595825746429603 -9.363050096040512 0.2679360024564002 10.052656932066085 22.4454419688118 0.46651274737605425
1.8290524294105535 -0.05166726075093749 0.2931996574556377 4.61963422534811e-05 -0.5277683989360279 -0.6295845325029947 0.0002166117247567899 1.818845157430984 -10.055209327890973 -0.13743911628063651 21.309326747222794 20.367652604228876 -0.11743660508766013 1.5290357602317828 -9.209547089781815 0.2702585983359248 10.158186399157197 22.223148041841725 0.21321203769964125
1.8359990884032618 -0.05532857149877027 0.28879888420108274 4.77653533011859e-05 -0.5263279518021966 -0.6374636779317245 0.00023538674762050316 1.9664091270116082 -9.912045430963936 -0.13784752880132634 21.17273615221005 20.847636000230196 -0.002017987185574374 1.6000388958538116 -9.055797558180393 0.270918522272534 10.28732287579956 22.051095792712065 -0.019502700390901573
1.8430215800975238 -0.05901913534997618 0.28429380211322147 4.9489689925974776e-05 -0.5247144828671165 -0.6456108883912088 0.00025596530687976344 2.114562936139398 -9.76398626781974 -0.13748404550579804 21.018937924737255 21.31701090907265 0.10380944412075836 1.6727876627188236 -8.901407675682663 0.2700191220189985 10.43357243723714 21.927067020975592 -0.23321541892949307
1.8501434221157411 -0.06274973577277763 0.2796658777581753 5.1391625930449815e-05 -0.5229061496715152 -0.6540639094798952 0.0002784053170249326 2.2636599693357615 -9.610517503280692 -0.13639267817803177 20.849296174733357 21.778826829457216 0.2010728742454872 1.747653638606242 -8.74555276925614 0.2676461937630185 10.592022617684798 21.848737289075096 -0.4299862801934677
1.8574156243332007 -0.06654512836957244 0.274877399121366 5.3504270502257856e-05 -0.5208690296638102 -0.6628970504473727 0.0003028670232508967 2.4146127884113233 -9.450461872306178 -0.13459806583840947 20.663788789094728 22.237669123681336 0.2909791489984187 1.8252872601345989 -8.586816167524233 0.26384570462659307 10.75932538819157 21.814366797374603 -0.6122450003219271
1.8649231769233148 -0.0704470174621869 0.2698657568789476 5.587769394138241e-05 -0.5185502363195829 -0.6722335579985416 0.0003296609778299937 2.568992032511197 -9.281769681290147 -0.1320933473272857 20.460741021376027 22.699875393797864 0.3748378874308064 1.9067176811962971 -8.423036325314458 0.2585989252604331 10.933541589206238 21.823605012258437 -0.7826418726446123
1.8727894739415398 -0.07451571659540214 0.26453850660904615 5.858644261758604e-05 -0.5158690075510032 -0.6822571610341776 0.000359290136066288 2.7290679169686256 -9.10133581548587 -0.12882801592648824 20.236552539092596 23.173666741777375 0.4539597131528631 1.9934358256029643 -8.251179029932866 0.2517973875912178 11.113795676915128 21.87838261986301 -0.943848439912355
1.8811780059094365 -0.07883005805472401 0.2587695813906225 6.173847045213567e-05 -0.5127051756864897 -0.6932220357210925 0.0003924772515949586 2.8977780452439883 -8.904858167213954 -0.12469699499644067 19.98541401329061 23.66917183194089 0.5295315054571894 2.0874497149844258 -8.067241804634333 0.2432201429476677 11.29968954206775 21.983859908227473 -1.0983107360738749
1.8902908255663333 -0.0834851522775108 0.2523968700315074 6.548556998509318e-05 -0.508883903677018 -0.7054606402652885 0.00043016488603750413 3.07860712004068 -8.686747810689173 -0.11953229570189164 19.698991151513944 24.19833185216229 0.6024731894715374 2.191300987669722 -7.866191381772384 0.23251603440527388 11.490408064673913 22.14940032220428 -1.2479628675468253
1.9003622877771045 -0.08858700983110085 0.24522207365501356 7.003470479947616e-05 -0.5041553885036226 -0.7193872565861099 0.0004734612277606792 3.275342770321843 -8.44012669307888 -0.11309983178269424 19.366068912851453 24.774617153131572 0.6732779698724115 2.3080154424664 -7.641953979343587 0.21919619308544078 11.683401024659359 22.389491352347854 -1.3939020625208909
1.9116432702993833 -0.09424133296090857 0.23701635595290554 7.565668443365207e-05 -0.49816982196611936 -0.7354892044534113 0.0005234692474744289 3.4916109744531543 -8.157041342808304 -0.10510789894976945 18.972259590666194 25.412295234469916 0.7418335867921125 2.4409113471845507 -7.387552909673938 0.2026501294561736 11.872463015279548 22.7243299764013 -1.536014098331668
1.9243650202889782 -0.10053098968470942 0.22754080296435805 8.268071993537766e-05 -0.4904544850307364 -0.7542848820895716 0.0005808712556328038 3.7300010354146322 -7.829215321019051 -0.09524197854925062 18.500186611164604 26.124620277603476 0.8072307225489882 2.593096897641679 -7.095649654397694 0.1822158851049634 12.045075280744433 23.17924765375021 -1.6725485706612568
1.9386677539984385 -0.107475857578364 0.21659664768305606 9.144957638191064e-05 -0.48041539926900695 -0.7762123728482254 0.0006450823500922681 3.990585021720987 -7.449868434270082 -0.08324901481671287 17.931078335546456 26.91999499221527 0.867622251338234 2.7664157143944275 -6.759927899765434 0.15735307199523463 12.179383255807782 23.78124730039201 -1.799752737685695
1.9545000701488644 -0.11498171971203026 0.20410904082320222 0.00010220668028840207 -0.4674002970152238 -0.8014321185262684 0.0007129295987284487 4.269150317574503 -7.016721831669972 -0.06907687546101293 17.248699035790146 27.79614380441918 0.9203408942219427 2.959871336054022 -6.377460418980269 0.12793308289318556 12.24263162994209 24.55092424378848 -1.9119747483167302
1.9715643953428117 -0.12282016502916829 0.1901938605318942 0.00011493960791872997 -0.4508234846842311 -0.8296448179118463 0.0007774013880345718 4.556731000880935 -6.534372204267878 -0.052991487327761586 16.44415144608605 28.736127536791344 0.9625418814701733 3.168554501154959 -5.950641644653656 0.09448901386365008 12.194045576251012 25.492226717601945 -2.002823901743804
1.9894024724259818 -0.13068385440108374 0.17512414827907732 0.0001292864734049604 -0.4302635386182366 -0.8601147577120235 0.0008273755379373173 4.841933282257135 -6.013060491594683 -0.035536509628212275 15.517186881908916 29.71159035288574 0.9921515710156985 3.384518875594106 -5.48629384471836 0.058144371915928424 11.991980098005827 26.588295065430877 -2.0670406958251286
2.0075625397781405 -0.13827857320464648 0.15921681739511234 0.00014455820810056497 -0.4054638880170291 -0.8918831660785778 0.0008482959374924579 5.114407424337305 -5.464575953380407 -0.01735134361540348 14.473184564445992 30.690925081516998 1.0083519377082262 3.5990424717900424 -4.992529832750413 0.02024686642075038 11.60001967281093 27.806466444823776 -2.1015334691656977
2.0257068545806836 -0.14537774702507736 0.14274331560284284 0.00015980448393255884 -0.3762841661045536 -0.9239602790980931 0.0008229718080452608 5.366722634378667 -4.89900634239735 0.0009912767602406128 13.319820502205106 31.645211724638227 1.0113699429202117 3.804329433750403 -4.476318875489578 -0.017963001913737182 10.988775606045156 29.10560446053286 -2.1050370666449494
2.043631675361122 -0.15182867389627136 0.12589878234653457 0.00017385760292414456 -0.34266022250491945 -0.9554072739429058 0.0007322069914517812 5.594410015933945 -4.323592838809685 0.019054107284822142 12.06545526429567 32.55015254128115 1.0020305234917968 3.9940473577592472 -3.9426925570340754 -0.05549397486205881 10.13511172190061 30.44042231172827 -2.077281746128772
2.061246258199592 -0.15753668454257574 0.10880397555070632 0.00018534496004312008 -0.3045819411063362 -0.9853470656207355 0.0005554708766108349 5.795241648046577 -3.742782974729325 0.036539185925246784 10.718538647901308 33.3859427578766 0.9814194056994675 4.163185158164423 -3.3948316056119743 -0.09161286785480564 9.021116814831004 31.762821046320358 -2.0183858990600188
2.0785436294150745 -0.162445002460095 0.09151810113745215 0.00019267615749962833 -0.2620866327379221 -1.0129447529845892 0.0002718461159744058 5.968417855800949 -3.1586887096873997 0.0532640198282726 9.287374725813711 34.136432576100155 0.9507082132768456 4.307664534407605 -2.8344326943704075 -0.1257956554065081 7.633913822164793 33.02161014625862 -1.9286010381511318
2.0955725410222596 -0.1665164005128851 0.07405612788896587 0.00019401225459256315 -0.21527596124407514 -1.0373755749246396 -0.00013848903393219288 6.113870683036755 -2.5716979959086164 0.06912881139239599 7.780319839369483 34.78800445161348 0.9110975875362051 4.423898685215002 -2.262216797079346 -0.15765884824404836 5.966956445668549 34.16154858923701 -1.8083462716791907
2.112411006328725 -0.16971886330595692 0.05641041536455982 0.00018723779651685576 -0.16436918216851648 -1.0577953362663293 -0.0006918415970086314 6.231736113253972 -1.9812138681713898 0.0840828079585115 6.206722283951862 35.32843442402667 0.8638388528292115 4.50841410408775 -1.6786138001131932 -0.18688939556870865 4.023473648947926 35.122664778579605 -1.6584935459575598
2.1291427437784463 -0.17201745362780907 0.03857431280190138 0.00016997787093050784 -0.10978994856819882 -1.0733392380195104 -0.0013973356896265464 6.32203911602685 -1.3864362889617712 0.09809644285454139 4.578483093441478 35.7462209898726 0.810295966803535 4.557667130727211 -1.0845587022665857 -0.2131906728021336 1.8220286699369286 35.84148182220586 -1.4808583646444151
2.145843721660852 -0.173373989569683 0.020557869850712947 0.0001396993199163487 -0.05224221504340625 -1.0831773916808527 -0.0022526070464386804 6.384622606840751 -0.7868704710891979 0.11114772282424021 2.9111506794915147 36.030885409865746 0.7519793113438832 4.568153743286799 -0.4820460428928892 -0.23626537764011535 -0.5980798546424015 36.255968348353775 -1.2786979180438982
2.1625876438174982 -0.1737518476977392 0.0023830748485963137 9.386799419290327e-05 0.0072995232192314755 -1.0866206277488872 -0.003240987764159325 6.419237977109182 -0.18217042730047595 0.12322679914315472 1.2230449802675432 36.174073284732515 0.6904701398705603 4.536708815555556 0.12603336974133017 -0.25584039770559985 -3.176042282458231 36.313916205423695 -1.056841503325188
2.1794660091180966 -0.1731183148043356 -0.015938347300013814 3.005726201955121e-05 0.06770419354008221 -1.0832159075932644 -0.004332242801793786 6.4255792445742905 0.4285665290461037 0.13434769581731631 -0.46741105028318874 36.17036137287093 0.627241707602963 4.460672991284982 0.7367016719091839 -0.27170111783658785 -5.835597253441842 35.98086801358458 -0.8212591350265475
2.1966030322781536 -0.1714401078025251 -0.034421773227418385 -5.404670603870713e-05 0.12781633050937707 -1.0727776182634947 -0.005486270738382547 6.403128357173742 1.0473152261955214 0.14454886122400337 -2.1437278399602526 36.01700109155709 0.5635051412230764 4.337754065905029 1.347546870350806 -0.28369305184413607 -8.494177371017198 35.24375964323529 -0.5783832086078982
2.214152558851913 -0.16867659656100611 -0.05310509452051712 -0.0001606626546082996 0.1865210316346635 -1.0553724021812807 -0.0066574042332932445 6.350931073279042 1.6769382095662888 0.15387870321307423 -3.7910330234326874 35.71324206405358 0.5001855694015305 4.1657975095425295 1.9566330329191448 -0.29169114096531856 -11.070037116600972 34.110756090020914 -0.33463071547373635
2.2322817111420346 -0.1647778059167799 -0.07202834300330656 -0.00029184071040073566 0.24274970161082332 -1.0313073475459646 -0.0077981647375910046 6.267503449964852 2.3204817989411564 0.16237737279056233 -5.394186962720207 35.26035434117009 0.43800712399234015 3.942773691748288 2.5618707024483536 -0.2955706745410512 -13.486596235641917 32.61002607225629 -0.09619777422557976
2.251151861130934 -0.15968967703589268 -0.09121159756772823 -0.0004492650638517947 0.2954851227600569 -1.001137943603861 -0.008862963183171509 6.15095019047832 2.980392376366041 0.17006533131312518 -6.936140631855826 34.66268134877493 0.37760260722753247 3.6670673226326302 3.160375004040752 -0.29520415624107094 -15.676231012294036 30.78843166283623 0.13109110386208606
2.2709052180278047 -0.15336383603578727 -0.11064226559677856 -0.0006340074224020625 0.3438073272071072 -0.9656701857890764 -0.009812312950572806 5.999237660346843 3.658007134740301 0.17694219058400593 -8.397847381765777 33.92911342502473 0.31958056617824293 3.3379082828850444 3.748212290197265 -0.29048363892780565 -17.585037957179168 28.708791728858177 0.3420701627007948
2.2916633764632595 -0.1457657130591417 -0.13027814212518635 -0.0008463850563510328 0.3869797128540097 -0.9259172291493027 -0.01061705760429892 5.810466944282742 4.353556151530648 0.18299417608609636 -9.760077771365316 33.0738739039695 0.26452234290735116 2.9556374173486915 4.320701909457348 -0.2813498465370895 -19.17781574267034 26.44397510699128 0.5326610746151899
2.3135402313871327 -0.136874847170634 -0.1500653388046787 -0.0010860605606797277 0.4245343457565462 -0.8829950418382173 -0.011261072982198875 5.582968968753339 5.066702698462524 0.18820495293911865 -11.006334103393101 32.115758960348245 0.21292560676164632 2.5215467795567257 4.873128483542833 -0.2678038498102646 -20.440766368868413 24.067986263125245 0.700256084696595
2.336663392923431 -0.126676338017871 -0.16996072899460904 -0.0013523669152209045 0.4563038188724512 -0.8379895116695664 -0.0117410751531088 5.315155478719822 5.797321489309345 0.19256319232024136 -12.125268447319815 31.07600598592277 0.1651438787824236 2.03732284434746 5.401429920842224 -0.24988969311839235 -21.379844992605488 21.646939195111095 0.8438197577460329
2.361193166794364 -0.11514880253216178 -0.18994623831296079 -0.0016446805934747049 0.48238172872797336 -0.7918520379347413 -0.012063722645452152 5.005233431551505 6.54608111917192 0.1960634434155098 -13.111449339621625 29.975900568827853 0.12136456597168134 1.5044133901131707 5.90246159295225 -0.22765882748354915 -22.015274193554085 19.233402655818434 0.9636431326018526
2.3873328382487227 -0.10225509628156355 -0.21003065636790402 -0.0019626721794373967 0.5030408922361285 -0.7453547093285892 -0.012241609402757637 4.650943974502575 7.314636036858932 0.19870204841241296 -13.964608394265746 28.83511553785181 0.08162874928086938 0.9236216791512073 6.373793563072549 -0.2011368788810863 -22.374872435081354 16.865239857155302 1.060903441714025
2.415332041390508 -0.08793790717998737 -0.23024353238125428 -0.0023063939188545574 0.5186509082624403 -0.6990949931164208 -0.012289720815639102 4.249398799893999 8.105541009652542 0.2004718736724764 -14.688252989486019 27.670985078477262 0.04586915455955046 0.29499311821074015 6.813271218820354 -0.1703043554594971 -22.488584847271998 14.567529154687552 1.1372337724448094
2.4454881460181377 -0.0721187889157554 -0.25062737285138764 -0.002676255864435244 0.5296175521596554 -0.6535235866344572 -0.012223012979870978 3.796992273727187 8.922087328640742 0.20135816740715565 -15.288361787172942 26.498395264772583 0.01394540216019341 -0.3821056558788318 7.218562627857288 -0.1350907483707869 -22.38503164161966 12.355568133900558 1.194410493666711
2.47814924953485 -0.054698510415057466 -0.27123151472585233 -0.003072950878069247 0.5363459160216253 -0.6089758203776907 -0.01205503955265007 3.2893390902174375 9.76818347754557 0.20133588162501823 -15.772419857048881 25.329936706587272 -0.014330818534919972 -1.1088271389291264 7.586784517494105 -0.09537667544311175 -22.08975188806476 10.237708624594529 1.2341655923348471
2.5137203434483015 -0.03555734602540701 -0.2921083764025669 -0.0034973615407780183 0.5392205154599804 -0.5656982280927929 -0.01179729656044936 2.7211987127962236 10.648317373299504 0.20036787715025878 -16.1487701671708 24.176119023516403 -0.039179393489597605 -1.886662823051743 7.914202893657693 -0.050999600222715734 -21.624511211656444 8.217584762246489 1.2580884430241313
2.552051354733423 -0.014889650277860156 -0.31298566576948594 -0.003943329512671659 0.5386293992433436 -0.5244949300556121 -0.011464704799260598 2.096577644881001 11.55326035864373 0.19844106846693846 -16.422651363456875 23.062598430646002 -0.060533238485188774 -2.7041902619759846 8.192045859661144 -0.0025491856667110013 -21.017637197420612 6.3242961442692085 1.2675369568964374
2.592978537938189 0.007090845003179578 -0.33364407997000706 -0.004404618403203332 0.5350879580305693 -0.48588102596111554 -0.011072523145782422 1.4203843480139526 12.475114155531296 0.19557996984745551 -16.605068219270443 22.007547694348354 -0.0785665331929392 -3.549853196345861 8.414179685938127 0.04930190062542215 -20.298659364516045 4.57300720741485 1.2643853809641206
2.6368206676598462 0.030425026888661624 -0.3541358979697797 -0.004880410636095629 0.5290677745335669 -0.44974539380107154 -0.010629585934389328 0.6897863690602987 13.417668097288248 0.19178911983603084 -16.710559729788248 21.011579853555013 -0.09374808583448058 -4.4220754269867575 8.578253602401483 0.10446282393750127 -19.48565799378019 2.9513796729971364 1.2504547651078939
2.6839211998825374 0.05515849463467973 -0.37450489154573297 -0.005369613034303801 0.5209509147694744 -0.4159625933987814 -0.010141980998419555 -0.09849936708464124 14.384750340063704 0.18706104029011372 -16.75162748889932 20.0740663289502 -0.10648630614636702 -5.3188507292986875 8.680988474445904 0.1628392228501526 -18.591836499148798 1.4481266819777394 1.2271707121346898
2.7346512994395864 0.08133897238407248 -0.39478702750950495 -0.005870713199345099 0.5110455154518561 -0.38440330271120615 -0.00961363581142545 -0.9481930124936127 15.380257669715222 0.18137733599339204 -16.738991963460453 19.19354710889884 -0.11713468246250917 -6.237511213420019 8.718187411520061 0.22431664794772577 -17.626567618264694 0.05323605332293724 1.1956329460675634
2.789413093180674 0.10901380647369698 -0.4150112270457594 -0.006381623565464728 0.49959822566049733 -0.35494074896286804 -0.00904673501037724 -1.8634491660944645 16.40818938396863 0.17470950577952407 -16.681835206775958 18.368020935107815 -0.1259976217849566 -7.174482315180765 8.68474393663869 0.2887433449874247 -16.59615215249782 -1.241966973928824 1.1566687446076371
2.84864312783134 0.13822735041244869 -0.43520014849991634 -0.006899502967730921 0.4868038372305546 -0.3274547018979702 -0.008441997807559483 -2.8488630611635477 17.472682998417806 0.1670195174917649 -16.588018751494502 17.595150111923218 -0.13333623038824954 -8.12500891891777 8.574648853156033 0.3559112617895622 -15.50434622006645 -2.4448300340494087 1.1108722415324475
2.912816026939068 0.16901804292430053 -0.4553710085676022 -0.0074205445319086676 0.47281247058202175 -0.30183405569743527 -0.007798837829405774 -3.9094839264926993 18.578050642851228 0.15826019184619317 -16.464273719278804 16.87240491311408 -0.13937380324050644 -9.082836439444652 8.380999571057782 0.42553406949848044 -14.352699619644566 -3.561404256484633 1.0586313894215904
2.982448355225998 0.2014149716667644 -0.4755364965202338 -0.007939716557136956 0.45773461155614314 -0.27797869536322867 -0.0071154190183650035 -5.050834373393563 19.72881575504908 0.14837543061646186 -16.316364152075543 16.19716519940719 -0.1443008979941548 -10.03982841988931 8.096018141925228 0.49722079448077194 -13.14073285146322 -4.5964608624915115 1.00014369782481
3.0581027087102353 0.23543367960525036 -0.4957058755227799 -0.008450439347758286 0.44164417474535816 -0.25580116366177286 -0.006388610922717722 -6.278935080988178 20.929750108276615 0.13730031527321954 -16.149226210498302 15.566791587438484 -0.14827993161503814 -10.985497798548675 7.7110873357247725 0.5704433042293896 -11.865965053539206 -5.55346680869968 0.9354209555018486
3.1403920553608544 0.2710709041288792 -0.5158864151889523 -0.008944174959868002 0.42457961422140655 -0.2352285808726412 -0.005613834518771651 -7.600334369426129 22.185911426756505 0.12496109449777136 -15.967086359420003 14.978674837258263 -0.15144927657770452 -11.906421674035656 7.216818665382236 0.6444953069912573 -10.523788703300648 -6.434491587252403 0.8642820050325742
3.2299843550284897 0.3082978275454105 -0.5360853751495789 -0.009409897374363343 0.40654290115866404 -0.2162053143111659 -0.004784773690550536 -9.022142479003358 23.502681938174227 0.11127507307336444 -15.773561594248907 14.430269585766762 -0.15392685965909458 -12.785497796534328 6.603173638609451 0.7184395912896054 -9.107166927368588 -7.24000774041693 0.7863310883732427
3.327607489943096 0.3470512379026044 -0.5563128841460038 -0.009833395589065095 0.3874959015322895 -0.19869707609595433 -0.0038929037285659867 -10.552070534217513 24.885808241163616 0.09615041034553344 -15.5717444725753 13.919116793046769 -0.1558132844549135 -13.60098272182541 5.859671932273156 0.7910387382154426 -7.606101208078346 -7.968525976498102 0.7009169417664257
3.434054539282597 0.38722170832225533 -0.5765862756548527 -0.010196337721919281 0.36735323886970117 -0.1826975319498096 -0.002926749265319872 -12.198474291501688 26.341442868369356 0.07948583335395562 -15.364275359231744 13.442858036449216 -0.15719451090831218 -14.32522224922215 4.975741828746564 0.8606621054840169 -6.006773168506626 -8.615962877917474 0.6070639483486117
3.550189433798161 0.42863742145644934 -0.5969368329686596 -0.010474983260498692 0.345969965536429 -0.16823933462739646 -0.0018707151602968114 -13.97040286506996 27.87618792156971 0.06117026753741928 -15.153403939345917 12.999243916058033 -0.15814413247001025 -14.922936415505005 3.9413074537265604 0.9251577909750307 -4.2901886749510645 -9.174554369376416 0.5033597809697017
3.6769530299845634 0.47104144016181104 -0.6174206397801881 -0.010638358992662909 0.3231209815439033 -0.15541322903866195 -0.0007032038167012861 -15.877652714605755 29.497141158523206 0.0410823862938995 -14.941041733078999 12.58613821150535 -0.15872529484138156 -15.348838586969586 2.747781660972411 0.9816711266784919 -2.430014688232327 -9.630953519144501 0.38777097135289185
3.8153696482414627 0.5140587480407725 -0.6381367211289216 -0.010645582725789944 0.2984664655889769 -0.14440268411837595 0.0006065287736901759 -17.930827271925107 31.21194492640942 0.019090079462675633 -14.72880706845773 12.201518979495024 -0.1589923003516291 -15.544220260227025 1.3897822600733363 1.0263781136536432 -0.38903242198222365 -9.96276954715245 0.2573317233342406
3.9665541273626617 0.5571466013796117 -0.659258850023982 -0.01044176322955778 0.27149210145347624 -0.13555050916169917 0.002103887258857011 -20.14140270569709 33.028838378747444 -0.004950160250770302 -14.518063737252211 11.843477450213255 -0.15899193955794863 -15.431854726566977 -0.1317917550966652 1.0540766434573188 1.8869173291568004 -10.13190398425659 0.10759515323019625
4.131719462826339 0.5995161776448312 -0.6810948273939641 -0.009951371573088567 0.2414009523672555 -0.12949730744451693 0.0038592338287092827 -22.52180053645111 34.956713523386966 -0.031193935299750036 -14.309954373929978 11.510215329484344 -0.1587645870457809 -14.908016691580887 -1.8039443073775026 1.0575250279083568 4.479813511134406 -10.070699914516995 -0.0683942087793664
4.304120403886896 0.6383265855107677 -0.7031781508102268 -0.009114657637336276 0.20849953778357294 -0.12747459631708227 0.005887478025779315 -24.971676880752504 36.91479896494594 -0.05853263468481491 -14.114108007721537 11.212878817959538 -0.15836658782036075 -13.889304789571755 -3.5117828488691667 1.0285310331032573 7.378262237085783 -9.678298004210847 -0.2720146269372099
4.33336826090979 0.6443400407343383 -0.7069083140972334 -0.008937068855911797 0.20269415052236184 -0.1276240296235416 0.0062576849830085724 -25.384025553569693 37.24207406484706 -0.06316336994633223 -14.082827897552999 11.166736271055203 -0.1582876222493772 -13.665952966294435 -3.7933167199707674 1.0200336254838442 7.896240742869817 -9.571069579756243 -0.3091932538021027
